-695
-664
-707
-1090
-981
-1316
-1315
-1290
-1296
-1305
-1002
-898
-1071
-1042
-759
-673
-792
-415
-608
-582
-571
-598
-417
-469
-428
-560
-225
-558
-504
-678
-663
-422
-330
-50
314
277
-40
-18
370
564
481
834
858
858
650
1037
947
1280
912
642
611
179
369
330
290
337
564
668
1000
1159
1392
1306
1016
1296
1016
1095
782
212
323
156
636
840
716
1094
980
1333
1295
901
1064
1093
1137
748
387
-54
-348
-365
103
364
212
333
98
37
290
423
860
429
376
-9
345
189
136
290
322
208
242
318
122
-72
254
785
463
365
41
-261
-93
302
298
-15
-12
305
353
131
214
629
788
870
877
870
860
817
481
388
542
382
-94
-259
20
-48
137
187
136
375
198
566
600
255
364
-6
-38
-3
295
318
346
130
149
359
259
-100
44
-348
-192
-383
117
355
375
-47
86
104
50
-556
-1050
-983
-644
-308
349
241
777
1257
2300
3453
3881
3892
3485
3587
3424
3159
2458
2072
1310
608
-128
-379
-518
-628
-422
-593
-151
3
55
52
77
123
114
6
-176
-630
-785
-847
-799
-415
-546
-232
-242
-551
-627
-420
-616
-154
62
45
-520
-868
-673
-418
-167
-204
-463
-879
-501
-251
-161
-555
-504
-866
-880
-693
-901
-1196
-1438
-1519
-1430
-1239
-1290
-1140
-1060
-749
-667
-803
-451
-472
-660
-936
-1406
-1208
-1173
-1195
-1554
-1615
-1252
-1020
-1102
-1093
-940
-1284
-1313
-1328
-1348
-1360
-1366
-1378
-1154
-1164
-1349
-943
-1056
-751
-1050
-1094
-758
-777
-231
-334
-157
-594
-385
-213
5
28
-168
-624
-396
-559
-236
-206
-315
260
561
386
550
542
471
648
828
532
303
306
152
157
360
205
778
1095
909
1032
727
913
1184
1264
1318
732
461
572
550
623
481
817
830
853
721
906
1004
949
1113
1109
1129
733
407
137
168
432
850
450
183
148
435
739
731
410
342
-13
264
-75
-275
-368
36
268
327
-63
111
-8
214
255
307
93
98
269
361
-2
78
21
106
-89
67
-145
-571
-611
-570
-552
-583
-589
-255
-370
18
99
-96
-19
305
313
274
282
128
514
569
541
520
554
591
587
610
504
734
900
966
1321
1549
1508
1449
1318
874
412
421
626
356
22
-347
102
166
633
624
198
273
-54
-25
-10
-120
-320
-173
-311
-40
199
575
630
404
560
-50
-560
-677
-702
-476
-515
-148
21
216
959
1783
2480
3015
3686
3924
3842
3397
2509
1934
1491
1306
490
-127
-624
-877
-643
-807
-458
-400
-633
-634
-395
-442
-794
-668
-1027
-1077
-1100
-1143
-959
-1008
-974
-1114
-708
-851
-841
-689
-1065
-1037
-790
-188
53
97
57
91
-62
-36
79
-141
-547
-584
-601
-440
-825
-839
-413
-158
11
6
-360
-177
-165
-184
-599
-825
-693
-660
-857
-659
-1051
-1121
-1085
-1062
-1116
-1132
-719
-476
-634
-508
-664
-881
-439
-623
-810
-1107
-1015
-966
-1078
-707
-892
-809
-434
-536
-363
35
59
-327
-521
-624
-558
-169
-129
-219
-593
-390
-408
-481
-876
-745
-1054
-1072
-1117
-1151
-1063
-829
-575
-195
-195
-161
12
-47
-20
77
-318
-258
-55
330
274
-117
108
-13
173
521
215
348
267
313
234
442
815
816
782
781
802
782
488
781
892
686
811
586
243
397
893
718
834
633
545
586
412
483
804
839
794
442
407
485
844
848
488
624
549
224
372
262
-26
277
332
347
353
375
132
351
290
268
305
362
141
141
375
340
298
269
263
262
-25
-92
104
88
109
-120
-104
-96
-93
-110
111
98
-94
311
220
557
252
142
342
136
206
166
264
127
-109
285
147
202
532
451
651
691
772
547
203
239
195
-51
-363
-246
-361
-75
135
185
135
329
284
-9
-43
-93
50
-138
-576
-598
-142
-66
210
560
248
158
362
298
126
-168
-460
-809
-614
33
224
698
1565
2405
3342
3825
4365
4198
3572
3222
3156
2483
2152
1233
675
586
171
365
357
138
165
343
123
-379
-217
-371
14
-292
-248
-619
-172
-40
204
345
8
-224
-201
-354
-180
-469
-728
-724
-493
-534
-537
-460
-849
-776
-567
-184
-522
-462
-816
-451
-250
-187
-629
-680
-1131
-1119
-1031
-1084
-1347
-1650
-1506
-1615
-1362
-935
-904
-919
-1139
-1064
-1031
-1076
-899
-964
-1288
-1389
-1233
-1268
-1220
-1392
-1314
-983
-1140
-1054
-1042
-1114
-948
-965
-912
-1130
-1143
-906
-1100
-698
-797
-425
-581
-194
-307
24
-263
-349
-161
-187
-224
-573
-432
-511
-777
-468
-619
-220
-345
-281
-274
17
-114
307
154
159
131
147
225
580
411
486
815
861
866
848
817
497
636
525
522
386
776
799
451
623
406
800
881
779
562
168
228
387
429
530
337
328
515
419
615
138
-12
297
202
543
235
131
320
289
265
268
312
356
320
-65
62
44
-77
145
594
426
395
555
206
171
192
221
204
130
299
274
362
534
409
387
234
350
354
193
183
-25
-284
-316
-25
614
504
589
347
328
556
795
831
436
593
419
640
1107
963
1283
1397
1578
1447
1631
1375
900
924
1404
1275
1334
691
503
711
1346
1256
1333
1051
710
1105
1022
1329
1008
910
1072
720
891
845
803
462
605
539
516
200
337
260
330
222
524
156
293
296
324
-77
-380
-553
-367
299
592
401
792
1343
2022
3181
3653
3632
3350
2795
2541
2240
1785
1174
784
283
16
-341
-159
-526
-621
-636
-622
-449
-653
-1093
-1093
-891
-390
-534
-599
-466
-489
-608
-172
-142
-605
-684
-926
-955
-1103
-1029
-1059
-1104
-1028
-810
-570
-204
-516
-392
-495
-785
-779
-775
-780
-810
-876
-700
-719
-884
-488
-432
-505
-833
-498
-578
-561
-859
-1306
-1551
-1171
-1119
-696
-1049
-980
-995
-752
-397
-184
-541
-659
-1311
-1188
-1009
-764
-1029
-1328
-1612
-1566
-939
-783
-576
-582
-405
-459
-483
-487
-457
-425
-484
-662
-1112
-948
-943
-971
-1352
-1212
-1162
-936
-673
-772
-471
-466
-469
-489
-508
-488
-433
-425
-489
-501
-581
0
-9
-15
66
-303
26
-85
-36
-104
107
-78
318
148
142
135
238
457
679
760
650
447
594
420
851
658
511
536
185
573
810
705
719
677
681
721
725
677
870
815
482
632
582
425
641
1067
1073
723
696
1034
1078
705
778
467
830
666
848
431
636
468
778
417
254
230
397
840
858
454
560
540
625
412
567
345
-124
53
-127
-2
288
-56
92
72
-118
-73
127
-266
-381
-146
-340
29
-65
157
400
836
666
724
1096
993
1305
906
890
427
407
483
443
202
-93
50
-87
332
339
-29
-23
221
509
770
195
-78
312
490
716
399
62
-514
-350
-27
268
2
-225
-169
68
-21
271
318
199
588
575
134
115
-185
-439
-772
-543
-62
418
710
946
1467
2653
3673
4022
3992
3572
3427
2952
2763
2628
1711
912
175
-328
-519
-195
-300
12
-321
-147
-366
35
-105
-115
42
-314
-377
-173
-230
-513
-211
-367
-301
-340
-235
-422
-809
-839
-785
-441
-617
-593
-400
-770
-815
-465
-591
-396
-724
-1350
-1174
-906
-856
-825
-1036
-905
-744
-462
-632
-818
-1071
-913
-1110
-1029
-752
-1044
-1130
-1010
-1391
-1401
-1297
-976
-1347
-1562
-1648
-1254
-1316
-1019
-1379
-1170
-1315
-929
-941
-1301
-1295
-1096
-865
-785
-841
-864
-773
-410
-404
-465
-465
-632
-570
-627
-474
-443
-220
44
126
-282
-514
-627
-585
-523
-570
-415
-410
-246
-296
87
-115
-30
348
377
-35
-260
-343
50
269
192
616
848
1097
962
922
1113
1140
907
746
416
154
148
574
440
431
411
496
886
678
866
794
813
880
879
787
444
441
473
423
254
333
291
132
248
537
530
607
814
1028
1083
683
472
610
603
615
575
219
352
-23
-114
120
-56
354
223
214
296
57
-355
-357
4
81
37
-335
-372
19
-34
291
-109
-323
-136
-286
74
12
-139
-384
-90
546
451
549
284
-81
267
141
144
273
119
14
-283
-265
67
-98
-85
55
-381
-209
-330
-21
540
452
771
861
1045
947
1125
502
319
125
279
555
391
240
336
158
453
705
707
490
239
367
143
552
486
840
784
397
616
482
859
506
165
55
-384
-145
-169
-539
-386
-611
-183
15
114
85
-297
-205
-630
-806
-729
-1100
-1040
-492
-323
351
511
1355
1935
2796
3313
3594
3330
2785
2516
2377
1795
910
403
277
-313
-565
-627
-254
-161
-525
-500
-859
-436
-155
-275
-328
-129
-277
-63
310
257
-104
123
-115
69
-381
-572
-408
-465
-833
-685
-875
-606
-348
-344
-571
-498
-431
-194
-288
-306
-140
-164
-357
-286
-266
-324
-209
-427
-651
-761
-715
-862
-826
-641
-714
-652
-446
-212
-347
-135
-525
-611
-602
-574
-632
-783
-652
-652
-854
-646
-1065
-900
-767
-498
-623
-512
-756
-1079
-674
-801
-883
-1096
-943
-1117
-743
-729
-751
-880
-598
-130
-181
-406
-790
-428
-514
-560
-874
-973
-1365
-983
-762
-883
-867
-873
-790
-586
-315
-76
281
-47
32
-352
-319
75
-97
119
93
270
395
721
760
818
406
469
882
876
391
161
167
406
650
728
682
661
709
710
827
617
236
540
413
453
627
551
605
492
822
498
391
626
393
559
342
-65
313
637
879
863
454
407
813
753
1059
667
462
573
540
592
638
617
547
517
604
501
819
438
173
-66
122
-41
344
129
326
-12
-19
330
174
154
-28
-262
-358
14
-21
372
329
-78
74
98
-61
-36
70
-245
-835
-766
-743
-827
-396
-587
-616
-600
-164
-97
188
518
377
-69
122
-49
350
225
626
808
718
1054
1055
1072
1146
940
1107
875
630
248
253
567
610
385
427
465
460
419
392
419
464
462
404
599
589
629
413
433
432
400
563
143
-9
-28
353
231
209
260
21
-346
-317
3
64
-40
547
747
1195
1888
2204
2966
3928
4190
3875
3043
2887
2468
2235
1895
1040
310
-305
-136
-197
-575
-413
-411
-633
-633
-624
-535
-163
-168
-605
-819
-878
-503
-633
-406
-803
-879
-787
-624
-567
-401
-770
-783
-446
-393
-426
-491
-803
-878
-730
-1049
-689
-427
-219
-527
-811
-1082
-1123
-712
-826
-834
-695
-1026
-716
-839
-487
-491
-835
-678
-740
-765
-759
-707
-860
-501
-486
-831
-676
-677
-837
-792
-879
-747
-751
-880
-791
-873
-764
-744
-501
-251
-250
-496
-731
-741
-815
-396
-405
-775
-815
-423
-169
64
-105
76
-346
-249
-579
-567
-536
-561
-416
-823
-664
-648
-785
-638
-255
-158
-358
-350
-375
-378
-297
107
-53
-95
67
111
353
624
450
560
369
317
146
239
537
561
557
202
271
-112
-67
298
-6
12
-164
-290
320
562
526
149
237
784
700
789
164
-51
300
226
167
97
-191
-136
-10
389
792
482
500
743
1320
1204
1360
932
1093
767
866
423
404
867
1083
1053
808
635
483
742
1125
741
488
547
209
221
569
477
868
853
465
389
490
679
749
888
446
599
591
572
219
345
259
-51
116
-287
-166
-184
-312
-128
-16
-19
-62
-38
328
182
221
239
575
453
812
857
681
1123
1305
1004
669
524
357
206
571
170
64
-202
-372
256
618
482
395
562
611
466
457
539
324
-33
-18
-9
-84
67
16
-268
-369
-542
-388
-562
-134
-340
-202
-523
-304
357
554
278
-541
-668
-850
-235
21
43
90
527
1160
2191
2974
3613
3711
3696
3602
3345
2877
2020
1412
1127
429
132
273
300
334
267
-114
97
-83
-13
-109
-369
-618
-440
-607
-215
-142
-145
-167
-136
-285
114
-52
-74
77
-296
-131
-223
-594
-418
-413
-633
-418
-822
-700
-685
-777
-587
-228
-219
-533
-633
-485
-793
-509
-486
-835
-1034
-924
-1138
-698
-826
-877
-750
-1025
-874
-460
-505
-1035
-1336
-1168
-1291
-902
-977
-1205
-1578
-1172
-1146
-749
-1103
-1016
-1299
-911
-1075
-920
-1391
-1539
-1275
-1191
-1402
-1158
-1166
-1374
-1289
-934
-1071
-659
-480
-586
-240
-182
-341
85
266
358
321
-40
115
52
-269
-374
-211
-191
-287
-81
312
368
215
461
762
920
1088
861
461
489
814
498
551
349
280
375
600
651
953
1357
1013
1058
703
1063
941
1095
489
170
132
582
482
451
629
449
670
1085
1058
708
758
970
1382
1281
719
457
404
476
456
522
281
-86
-18
174
424
675
1104
1092
894
411
593
409
426
229
-82
-261
63
-17
303
-62
47
9
77
-116
112
20
-291
50
290
560
395
195
97
-373
-294
-65
281
-120
-317
-340
60
-80
-107
57
36
73
31
-133
-540
-250
-275
259
175
198
135
338
352
179
536
592
577
556
619
795
745
1120
1122
1053
718
894
792
406
513
381
299
288
350
197
547
600
625
393
425
473
784
803
465
241
-59
-284
-312
73
-87
74
-159
-554
-182
85
-63
-289
-408
-777
-164
178
863
731
1085
1257
2023
2755
3347
3023
3076
2929
2492
2342
1438
742
205
107
-175
-455
-668
-715
-874
-502
-460
-499
-852
-756
-970
-1159
-1194
-1282
-1037
-889
-863
-818
-612
-304
-109
60
-531
-649
-1118
-1133
-1041
-668
-774
-554
-322
60
33
-297
-281
56
27
-207
-493
-839
-434
-245
-238
-420
-835
-812
-400
-548
-572
-386
-616
-197
-260
71
-276
-179
-519
-525
-598
-838
-901
-1312
-905
-832
-603
-603
-431
-639
-200
-356
-245
-791
-711
-675
-836
-856
-680
-861
-585
-330
-329
-550
-467
-426
-553
-596
-883
-973
-1388
-1297
-1085
-895
-808
-793
-495
-613
-179
-363
-228
-451
-822
-446
-177
56
-88
-64
-75
-105
-122
-78
278
329
-29
29
-342
-259
-65
333
348
288
-49
109
31
56
-51
349
348
-20
-69
327
562
452
440
615
559
517
188
371
353
142
186
177
159
201
584
505
681
1059
1078
728
842
768
824
688
750
680
498
532
383
161
637
885
667
425
141
170
833
1284
1377
1064
430
575
463
817
397
320
64
26
-83
133
572
397
595
200
361
366
375
-15
-317
-619
-469
-604
-382
46
92
47
9
97
312
525
585
242
189
566
500
510
520
-23
-71
128
570
520
295
-119
-98
-14
-30
112
19
24
77
111
-109
-32
307
336
327
358
186
195
-6
-322
-513
-194
8
-104
-77
-54
316
230
384
769
874
865
384
-5
-351
-234
-196
-346
64
327
439
1094
1264
2107
2926
3501
4220
4107
3615
3137
2862
2618
2141
1153
422
-22
110
114
81
23
33
115
-120
27
-357
-333
-127
348
145
292
-80
-65
310
141
355
-47
58
-286
-334
-147
-232
-516
-190
-357
-358
-212
-580
-596
-557
-593
-483
-883
-655
-828
-482
-464
-794
-691
-1143
-1013
-965
-1049
-699
-1073
-1002
-972
-657
-580
-540
-808
-1125
-1012
-977
-1146
-1098
-1116
-950
-1343
-1407
-1019
-748
-843
-694
-937
-1302
-935
-1058
-1138
-1372
-1235
-1366
-897
-1061
-1077
-754
-778
-545
-249
-635
-481
-435
-583
-545
-588
-627
-631
-400
-475
-782
-480
-622
-523
-219
-170
-360
-336
-153
-520
-543
-199
-364
-371
-182
-206
-140
-295
42
-123
284
217
616
407
406
435
775
860
888
878
667
1063
983
1320
972
1037
876
811
781
434
520
361
344
251
481
840
477
545
249
447
698
711
418
298
-122
262
233
567
194
308
353
625
694
1082
889
226
-105
117
341
516
370
-286
-576
-187
260
601
542
-15
-124
145
495
491
339
-318
-313
309
631
639
212
141
240
591
555
207
187
209
139
-46
71
109
266
376
348
-11
-82
-101
-101
-102
-92
-59
-36
-60
-96
-48
383
596
442
404
625
497
1025
972
940
767
711
1150
1407
1192
919
511
220
135
153
165
173
245
399
848
1053
1022
1231
1562
1405
1056
435
188
271
61
-136
-150
72
320
330
115
-282
107
350
329
-361
-699
-1371
-1258
-1223
-1295
-883
-311
147
568
428
941
1928
3161
3291
3032
2881
2510
2883
2557
2309
1547
877
197
-86
-360
-596
-400
-223
53
-84
-289
-452
-767
-742
-494
-618
-794
-1111
-968
-715
-549
-269
33
-269
-289
-327
-209
-391
-474
-421
-588
-570
-593
-556
-209
-169
-243
-624
-429
-409
-395
-447
-499
-447
-542
-130
-355
-199
-587
-394
-618
-558
-553
-627
-466
-482
-392
-545
-565
-472
-894
-662
-824
-790
-647
-767
-683
-392
-133
-150
-422
-700
-1047
-738
-721
-1089
-996
-1348
-1335
-990
-1101
-676
-809
-817
-695
-1092
-1134
-1090
-1042
-1035
-1050
-1047
-752
-661
-494
-547
-187
-254
-386
-400
-523
-186
-613
-712
-985
-1004
-1120
-766
-754
-699
-773
-534
-331
115
364
614
443
555
364
354
532
439
427
566
535
385
499
502
434
422
769
890
691
704
766
944
1179
1582
1279
1332
1116
751
730
693
856
784
818
658
674
830
511
893
1145
1285
921
706
653
1095
1306
1280
757
469
622
418
453
407
637
474
892
720
665
808
475
415
541
324
110
-267
-295
-279
24
113
-25
324
358
351
328
265
-115
-267
-360
-345
-278
-270
-350
-178
-162
-286
98
59
-197
-771
-659
-778
-243
-323
-334
-366
49
139
454
814
505
478
816
887
817
394
548
584
411
412
591
538
589
447
777
505
436
404
462
823
869
794
636
524
542
639
423
597
203
365
343
365
147
183
178
344
-53
125
-58
320
275
-300
-512
-903
-1361
-1169
-1157
-1302
-1041
-385
-112
878
1889
2800
3738
4069
3796
3283
3132
2557
2032
1163
183
-253
-476
-629
-183
-281
97
-96
113
-272
-356
-316
8
-332
-608
-652
-1037
-709
-806
-410
-569
-519
-546
-398
-505
-778
-467
-452
-798
-671
-731
-760
-1109
-983
-1011
-1116
-664
-853
-652
-663
-804
-446
-776
-719
-1072
-711
-829
-893
-1129
-1003
-1107
-820
-461
-645
-1141
-1133
-842
-519
-173
-570
-461
-433
-536
-181
-227
-593
-638
-597
-538
-520
-524
-234
-168
-137
-169
-219
-220
-181
-158
-184
-215
-198
-162
-184
-526
-608
-602
-534
-540
-441
-671
-1052
-708
-499
-633
-461
-644
-692
-472
-365
110
38
-183
-545
-180
-264
33
-314
-372
-270
-77
315
354
379
199
525
243
370
262
302
233
443
823
855
873
661
675
853
467
401
450
772
481
627
618
808
1069
901
707
635
167
171
514
222
278
83
110
136
479
887
784
616
602
482
836
510
622
618
797
706
675
500
397
489
655
690
795
595
525
625
806
655
845
635
165
335
129
202
188
349
274
289
132
531
425
508
433
180
112
-129
-229
-538
-632
-461
-401
-162
-104
150
553
638
421
395
590
602
502
713
1054
660
424
573
428
856
848
585
-31
-270
-288
101
-5
336
334
282
-1
319
191
242
369
-111
51
-40
255
431
410
590
599
624
239
-47
-290
-327
13
-258
-175
-587
-546
-368
-257
-315
-194
-557
-640
-474
-491
-594
-310
-44
179
798
1210
2350
3132
3324
3483
3521
3502
3605
2999
2480
2113
1163
471
-88
-156
-530
-564
-576
-517
-333
-75
147
517
543
255
139
-73
-314
-217
-521
-538
-611
-449
-449
-556
-340
66
119
-103
-14
343
345
-47
-259
-201
-606
-450
-490
-485
-780
-669
-1085
-1058
-495
-351
68
-139
-478
-858
-440
-532
-400
-1029
-1328
-1312
-1067
-855
-819
-867
-838
-460
-625
-408
-794
-646
-685
-700
-748
-1071
-1104
-1054
-671
-796
-478
-772
-870
-686
-661
-804
-438
-443
-840
-762
-1089
-742
-840
-500
-810
-680
-756
-722
-874
-775
-502
-853
-755
-1130
-1115
-725
-843
-789
-777
-443
-543
-152
-359
-329
43
-37
317
-10
103
67
-46
168
564
592
594
401
781
882
884
824
814
665
1051
1044
877
480
787
694
691
626
-66
-273
120
381
215
332
-86
-45
201
473
842
490
548
149
144
237
572
567
255
238
580
488
889
670
846
453
581
234
179
165
197
235
193
313
-64
-39
352
377
-114
-207
-585
-342
269
132
-44
35
101
316
144
-6
31
-337
-135
-528
-479
-822
-429
-215
-151
-514
-588
-219
18
-58
266
321
192
583
632
626
440
893
1080
1084
654
494
795
764
988
1315
979
1120
1063
1049
750
649
769
632
535
530
403
651
1151
981
1123
683
849
870
841
603
-61
-161
-517
-368
103
-55
-107
73
127
355
633
494
603
296
57
40
-36
222
488
1054
1207
1744
2654
3366
3749
4389
4413
4124
3665
3131
2288
1919
1317
803
375
24
-213
-536
-193
-333
-303
-363
-197
-543
-391
-485
-503
-420
-593
-637
-790
-885
-792
-573
-178
-251
-481
-692
-1026
-745
-718
-748
-1074
-1139
-906
-1118
-726
-791
-395
-418
-863
-1063
-1096
-684
-780
-825
-1073
-1282
-963
-641
-578
-514
-446
-649
-666
-781
-417
-472
-881
-709
-644
-488
-608
-545
-549
-591
-386
-429
-466
-771
-849
-683
-750
-1053
-1107
-918
-945
-1104
-644
-454
-637
-402
-411
-602
-519
-245
-563
-410
-793
-697
-1110
-1151
-752
-792
-456
-837
-746
-721
-473
-215
-158
-525
-599
-519
-131
-362
-201
-536
-241
-150
-147
-533
-411
-619
-352
-12
181
139
-25
-103
264
236
425
493
449
592
186
308
301
210
424
450
172
40
-377
104
523
791
475
207
-9
-22
372
517
545
163
-56
26
61
345
475
734
1033
741
1077
1287
1152
990
886
635
403
797
780
566
166
556
859
1029
693
801
802
682
735
852
639
533
570
618
574
228
181
190
212
240
561
385
414
619
555
550
560
219
294
-78
-6
157
199
332
-30
294
200
243
379
273
342
533
440
778
840
658
698
690
686
691
870
396
162
366
251
624
558
159
135
227
239
348
-51
-29
367
198
180
185
557
416
391
250
133
334
-14
57
-376
-141
-278
76
81
76
-94
280
262
56
-207
-624
-634
-531
-319
290
476
1128
1163
1509
2379
2968
3960
3975
3759
3605
3002
2698
2232
1521
730
346
-316
-571
-483
-784
-398
-153
72
-41
330
177
202
339
-102
70
102
51
-514
-679
-1097
-842
-195
-366
-446
-1118
-968
-722
-415
-566
-405
-770
-770
-411
-528
-186
-232
-413
-886
-736
-680
-829
-828
-714
-1138
-940
-1124
-1026
-745
-767
-717
-801
-611
-592
-817
-1132
-1291
-941
-737
-658
-1056
-1310
-1231
-1223
-1316
-1099
-691
-676
-1033
-1138
-1139
-1039
-686
-686
-1038
-1151
-970
-1287
-1358
-1408
-1395
-1349
-1319
-1322
-1305
-967
-1094
-711
-841
-443
-586
-599
-492
-650
-642
-438
-206
-129
-199
-245
-150
33
-87
-31
264
315
320
-21
-114
-83
340
240
516
198
242
481
1041
943
1151
1033
746
1058
1094
1063
1033
1074
1128
1102
766
754
1120
966
905
707
808
804
866
835
433
570
599
482
847
826
467
400
426
471
431
547
164
162
516
589
567
518
544
618
624
532
215
572
498
819
446
543
523
633
466
434
584
229
144
287
-75
-91
-11
303
-7
-125
103
-26
135
158
256
29
-351
-294
109
-91
-263
-623
-709
-1093
-741
-871
-895
-760
-740
-437
-259
298
143
230
478
1048
898
687
629
513
387
509
394
375
-33
353
631
791
475
580
255
546
592
581
541
544
585
620
394
446
503
510
439
611
591
596
524
351
-81
127
-56
268
-11
-70
-31
166
428
818
424
308
-336
-251
-139
107
277
302
330
592
955
2087
2708
3586
3847
3581
3708
3247
3144
2300
1520
725
352
-315
-554
-419
-437
-619
-516
-203
-199
-185
-366
-275
-293
-221
-475
-891
-648
-646
-1041
-1328
-1587
-1626
-1163
-1100
-841
-462
-437
-429
-599
-163
-257
-286
-555
-668
-906
-910
-1027
-887
-798
-465
-640
-568
-249
-181
-157
-522
-496
-655
-804
-197
-123
-68
-299
-580
-414
-557
-182
-523
-834
-912
-1010
-1045
-435
-238
-567
-769
-892
-880
-839
-878
-713
-759
-714
-870
-795
-510
-504
-468
-623
-235
-179
-535
-471
-805
-632
-323
97
-302
-627
-845
-840
-512
-841
-1075
-1023
-1018
-1061
-802
-628
-539
-212
-372
-270
56
75
60
47
69
-116
-29
290
320
314
262
-91
91
-121
297
184
172
301
261
177
426
505
606
175
198
631
453
549
293
-83
-7
153
534
609
400
388
580
565
454
693
1054
892
592
189
573
778
795
607
208
574
846
758
702
850
664
1151
1019
1093
469
237
551
473
508
618
228
529
449
836
843
791
487
406
243
278
87
-297
-375
-381
-258
-7
255
411
478
803
875
839
387
382
-48
-116
66
-332
-237
-576
-551
-192
-307
73
92
-279
-148
-340
-51
229
245
287
-97
335
411
830
467
555
558
429
463
600
251
598
508
483
189
118
42
-37
376
293
75
21
271
396
855
503
532
156
188
221
354
103
-356
-384
-262
-106
-2
306
356
175
250
551
583
623
386
553
324
78
35
304
498
1116
1291
1252
2090
2797
3740
4453
4080
3965
3654
3384
2907
2138
1308
453
138
-28
-105
-7
551
854
653
466
548
530
227
-103
-397
-1041
-735
-408
-194
-236
-577
-190
122
365
130
-9
79
-348
-559
-793
-706
-763
-763
-1039
-1109
-926
-944
-1125
-718
-818
-494
-795
-856
-820
-444
-612
-385
-468
-479
-399
-610
-448
-894
-1053
-1112
-1118
-1139
-905
-1125
-1036
-719
-766
-902
-1281
-1299
-980
-949
-1321
-1540
-1440
-1649
-1162
-898
-741
-713
-724
-690
-865
-778
-490
-808
-675
-763
-712
-793
-391
-389
-470
-457
-542
-346
-318
-227
-426
-491
-415
-572
-550
-578
-580
-533
-224
-204
-183
-332
114
284
306
-95
-279
-350
-260
-74
144
392
649
1057
748
801
410
495
691
720
447
312
-127
303
422
713
1033
683
831
779
490
421
578
513
244
245
236
239
550
402
488
459
577
168
371
173
239
222
148
383
199
518
173
-71
-285
-268
262
628
868
869
413
158
273
286
327
-31
-307
-573
-605
-378
-75
148
566
477
860
852
464
392
774
700
690
450
229
522
493
865
459
204
350
157
220
137
-9
-12
196
464
822
436
195
267
-39
-10
268
-14
-80
99
56
106
261
195
575
576
240
189
217
532
576
622
457
822
871
846
853
735
927
982
1061
502
545
531
636
463
456
397
590
558
582
400
486
495
397
518
203
518
604
579
145
-100
-283
-347
-349
-378
-208
-554
-567
-223
-335
39
57
-321
-565
-816
-679
-843
-602
-365
43
-45
595
1294
2168
2930
3374
3255
3241
3438
3035
2691
2396
1515
955
501
378
56
-166
-249
-227
-179
-136
-333
-266
9
-332
-229
-583
-533
-144
-352
-240
-472
-833
-461
-524
-209
-600
-793
-642
-650
-873
-785
-592
-355
0
-384
-601
-440
-638
-588
-406
-772
-774
-443
-453
-847
-703
-647
-482
-398
-485
-643
-713
-655
-807
-495
-783
-879
-724
-752
-688
-853
-849
-711
-1121
-934
-1135
-758
-649
-837
-793
-502
-489
-805
-723
-983
-1194
-1214